A4 = 440;
r = 2^(1/12);
G4 = A4/r/r
F4 = G4/r/r
E4 = F4/r
D4 = E4/r/r
C4 = D4/r/r
A4 = 440
B4 = A4*r*r